-1.74
1.96
-0.21
0.29
-0.34
-0.42
2.62
-1.33
-1.62
-0.66
-2.12
-2.52
-1.06
-0.02
0.82
0.08
1.31
-0.8
-0.03
0.15
-1.09
-0.71
-0.4
1.0
-0.35
0.66
-0.98
-0.07
0.07
-0.5
-1.16
-0.48
-1.64
-1.74
-3.13
-0.49
-2.26
2.13
1.55
1.52
1.03
-0.68
-1.96
-0.85
2.17
-0.01
1.04
-0.16
-1.64
-0.49
-2.56
-3.84
-0.75
-0.5
-1.62
-1.54
-3.36
0.25
-0.57
-3.07
1.03
-0.06
-4.74
-0.53
-1.68
-0.58
-1.61
-0.19
-0.45
-0.4
0.31
-1.53
-2.33
-0.17
-3.85
-1.24
1.2
-0.18
-1.55
-0.34
-0.51
0.03
-2.13
2.99
-1.15
-2.3
-0.35
-2.27
0.88
0.76
1.11
0.41
-0.65
0.67
-0.23
-1.34
-1.62
-1.04
-1.18
-0.71
-0.17
0.66
1.59
-2.54
-1.39
0.66
-1.13
-1.35
0.92
-0.81
0.2
0.21
-1.3
-0.05
1.03
0.05
0.93
-0.02
-0.54
-3.04
-0.39
-0.93
5.22
1.13
0.12
1.18
-0.27
-0.13
0.13
-2.26
-0.55
0.84
-0.33
-0.15
0.33
-1.31
-1.64
-1.6
-1.07
-0.22
1.21
-1.63
-1.51
-1.67
-0.09
-1.84
-1.26
2.84
-2.97
-0.5
-1.88
-0.83
-1.55
-1.37
-0.18
-1.8
-0.96
-0.55
-1.98
-1.77
-0.04
1.56
-1.67
2.41
0.49
-0.19
-1.43
-0.52
0.87
2.12
0.78
-0.14
0.82
1.57
0.17
-2.74
-1.52
