1.68
1.43
1.88
-0.05
0.16
0.23
0.7
0.68
1.03
0.25
0.54
-0.44
0.24
1.07
1.34
2.12
0.35
1.55
0.84
0.1
2.18
1.83
1.92
1.39
1.14
2.69
1.36
0.73
-0.12
-0.01
0.85
-0.2
0.34
0.21
0.05
-0.59
-0.8
-0.24
-0.04
0.65
-0.08
-0.02
-0.42
0.95
-0.23
-0.13
0.07
0.18
1.08
0.93
0.52
0.7
0.48
0.61
0.45
1.23
0.17
0.32
0.06
0.38
-0.05
1.63
1.18
0.48
-2.01
0.19
1.44
-1.18
-0.34
1.39
0.98
0.02
0.56
-0.15
0.18
0.66
0.19
-0.07
1.28
0.88
-0.53
0.33
0.53
1.02
0.32
1.28
1.73
1.58
1.55
1.78
-0.03
0.04
0.64
0.73
0.19
0.95
-0.32
0.08
-0.67
0.97
1.23
0.11
0.82
-1.89
-0.11
-0.14
0.95
0.4
0.3
0.87
0.82
0.72
-0.5
2.01
0.63
1.39
0.84
0.92
-0.05
1.11
0.93
0.47
0.26
0.97
0.48
0.81
1.14
-0.44
-0.05
0.54
0.06
0.55
-1.02
0.13
1.03
-0.02
0.33
1.19
1.33
0.96
0.29
-0.65
1.54
-0.68
0.36
0.71
0.01
1.33
0.49
-0.46
-0.0
0.57
-0.43
-0.19
0.06
0.08
0.23
-0.81
-0.89
0.08
-0.06
-1.13
0.15
-0.0
-0.71
0.22
-1.14
2.28
1.06
0.13
-0.49
-0.1
0.81
0.43
0.07
0.01
1.3
0.56
0.16
0.03
0.58
0.35
1.17
0.05
0.71
-0.4
1.4
-1.15
0.17
-0.14
0.17
1.19
0.86
-1.16
1.02
0.71
-0.73
-0.0
-1.17
-0.16
0.34
1.05
0.55
0.88
-0.54
0.86
0.72
0.71
0.54
0.3
-1.47
0.11
0.28
0.06
0.08
0.8
0.62
0.81
-0.41
-0.21
-0.1
1.07
0.89
0.16
-0.95
-0.46
0.5
2.09
0.91
0.14
0.16
1.24
0.85
-0.76
-0.38
-0.26
-0.39
0.05
-0.32
1.24
-0.37
-0.36
-0.41
0.96
0.06
-0.04
0.26
-0.86
1.05
-0.25
0.41
-0.9
0.3
-0.29
-0.93
0.67
0.1
-0.07
-0.18
0.56
0.33
-0.04
0.28
-0.79
-1.77
2.11
0.5
0.38
0.47
-0.0
-0.39
0.59
-0.01
1.49
0.4
0.68
0.1
0.46
1.31
0.54
1.31
0.71
0.33
1.44
-0.46
-1.03
0.53
-0.12
1.01
-0.86
0.25
0.57
0.3
0.51
0.61
-0.37
