0.79
1.29
0.93
0.93
0.19
0.62
0.77
0.75
1.37
0.87
0.24
0.58
0.27
-0.07
1.49
1.38
-0.5
0.18
-0.74
0.82
0.55
1.78
1.28
1.94
1.04
0.18
-0.0
0.29
-0.1
1.38
1.4
1.73
0.62
0.64
0.66
0.72
1.53
0.23
1.08
1.23
-0.59
3.73
3.12
0.11
-0.59
0.68
1.92
1.35
1.91
1.17
1.92
0.08
1.14
0.82
1.07
0.31
1.7
2.4
1.31
1.12
2.23
2.33
1.02
1.65
2.92
-2.49
-1.96
0.74
1.85
0.9
1.9
1.16
1.19
1.31
2.08
0.52
-0.4
1.58
0.47
0.68
2.81
2.6
1.59
1.14
1.14
-0.1
3.16
2.35
0.7
-0.05
0.53
0.24
-0.73
0.52
1.54
-0.09
0.33
1.32
2.41
0.77
1.13
3.47
0.29
1.39
1.03
0.63
0.45
-0.09
1.11
0.64
1.37
1.55
0.79
1.5
1.47
1.62
1.58
0.09
1.28
0.32
1.19
1.45
2.22
0.36
2.12
2.04
0.87
0.04
1.9
3.41
0.69
0.84
0.42
1.37
0.37
0.35
0.21
0.02
0.19
0.97
4.19
2.08
0.16
1.36
1.5
0.83
1.41
2.22
2.18
0.67
1.3
1.41
1.89
1.22
2.01
1.96
-0.26
-0.67
0.47
2.27
0.24
0.45
0.78
1.59
2.71
1.43
3.74
0.96
0.33
5.03
0.53
0.65
2.86
2.91
1.44
3.1
0.13
2.29
3.14
2.78
-0.34
0.71
