-1.64
-0.34
-0.25
0.23
-0.37
-0.47
1.89
-1.36
-1.63
-0.68
-2.13
-2.55
-1.1
0.73
0.42
-0.11
0.31
-0.83
-0.05
0.13
-0.51
0.11
0.4
0.25
-0.36
0.63
-1.6
0.31
-0.14
-0.51
-1.64
-0.5
-1.69
-1.75
-2.39
-0.51
-2.28
1.38
0.61
0.65
1.16
-0.7
-1.98
-0.9
2.13
-0.07
0.99
-0.19
-1.66
-1.01
-2.9
-3.05
-0.78
-0.53
-1.63
-2.08
-2.72
0.19
-0.58
-3.4
0.23
-0.08
-4.8
-0.54
-1.7
-0.59
-1.68
-0.24
-0.47
0.06
0.29
-1.97
-3.41
-0.2
-3.2
-1.27
1.16
-0.02
-1.6
-0.38
-0.52
0.01
-2.16
1.87
-1.2
-2.33
-0.37
-2.31
0.85
0.74
1.06
0.52
-0.69
0.65
-0.28
-1.66
-1.63
-1.06
-1.21
-0.73
-0.07
-0.02
0.59
-2.58
-1.39
0.61
-1.14
-0.58
0.23
-0.82
0.63
0.18
-1.18
-0.06
1.17
0.04
0.9
0.35
-0.17
-3.07
-0.42
-0.94
2.72
0.34
0.87
1.14
-0.32
-0.04
-0.66
-1.31
-0.58
-0.39
0.65
-0.2
0.3
-1.32
-1.68
-1.65
-1.1
-0.27
0.19
-1.59
-2.0
-1.69
-0.1
-2.37
-1.03
2.03
-2.07
-0.51
-0.97
-0.84
-1.56
-1.38
-0.19
-0.91
-0.98
-0.29
-2.0
-1.81
0.39
1.53
-1.72
2.39
0.46
-0.22
-1.48
-0.56
-0.18
1.05
-0.02
0.69
0.21
0.85
-1.97
-2.76
-1.55
