1.65
0.22
6.05
-0.72
3.75
-0.56
2.22
3.93
0.03
-0.84
4.84
0.35
2.96
1.73
1.99
2.64
0.77
2.04
1.37
0.49
0.86
1.3
3.09
-1.58
0.38
3.46
-0.14
4.44
0.91
2.18
0.76
2.96
3.09
1.05
-0.03
0.86
0.23
1.8
-1.02
2.7
0.79
0.45
1.24
0.24
0.55
0.74
-0.02
1.83
3.01
1.14
0.55
0.06
0.16
1.48
2.17
1.89
0.55
0.5
0.86
0.34
2.27
0.61
1.7
1.53
2.96
-0.24
-0.27
1.41
1.03
0.86
0.45
1.26
-0.07
1.46
-0.74
2.14
6.31
-0.63
0.7
0.03
0.32
6.31
-0.1
0.23
0.22
0.9
0.02
0.67
0.34
0.59
0.32
0.51
0.86
0.03
0.8
0.42
2.24
0.38
0.53
0.82
-0.3
2.33
0.89
2.55
1.33
0.88
0.26
0.98
1.21
2.18
0.09
2.51
0.03
0.45
1.22
1.52
0.86
-1.02
2.44
5.23
-3.5
2.66
1.34
0.86
-0.56
0.87
0.88
0.94
0.02
0.86
0.03
1.34
1.1
-0.61
2.85
0.53
2.56
2.67
0.45
-0.01
0.86
2.85
1.56
0.85
0.68
-0.25
1.25
0.56
-0.88
2.29
-0.78
2.92
0.93
-0.08
0.36
2.95
-0.22
0.85
-0.5
2.55
2.12
-0.25
-0.17
0.84
1.4
2.41
0.02
0.62
0.6
0.51
-1.68
0.94
0.87
0.52
1.25
-0.31
1.13
-0.11
-0.44
4.0
-1.35
3.5
-0.07
1.39
0.44
5.06
0.03
0.02
2.49
1.32
1.59
2.27
1.16
0.74
1.61
0.96
0.33
1.65
1.53
0.03
0.96
0.74
0.36
-0.15
0.75
0.49
0.23
0.93
1.82
2.68
-1.91
1.54
2.7
3.0
3.04
1.29
1.77
1.06
0.02
0.01
0.41
0.9
0.19
3.03
-0.48
2.3
4.51
-0.05
0.95
2.77
1.27
0.24
1.24
1.32
0.29
3.41
0.91
1.07
8.77
1.03
1.45
0.5
3.67
0.14
0.79
1.49
1.13
0.55
-0.4
1.46
1.61
-0.01
1.41
0.99
0.33
-2.41
0.28
-0.68
-0.2
8.71
-0.56
1.54
0.38
1.03
-0.95
0.08
0.03
-0.03
4.24
0.83
-0.52
1.61
5.31
4.09
2.19
2.87
1.21
0.12
0.07
0.45
-1.57
1.56
8.71
1.88
1.02
2.62
3.37
3.41
3.95
0.76
-0.62
2.03
1.66
0.76
1.35
-0.35
1.35
8.77
0.92
2.05
2.41
1.72
-0.58
9.44
1.34
0.15
0.95
0.74
0.26
0.6
1.38
1.43
1.51
0.52
0.82
-0.27
1.38
4.63
0.43
1.46
0.24
1.95
1.64
2.68
0.55
3.05
0.67
0.92
0.53
0.16
-0.54
0.95
0.85
0.79
1.01
-0.03
-0.1
1.35
2.57
2.48
0.09
1.73
2.21
-0.11
-0.27
5.51
0.19
0.63
1.35
0.46
2.9
0.75
0.35
0.22
0.3
0.75
2.01
0.33
9.44
0.89
-0.13
-0.86
1.74
-0.01
0.42
-0.23
-0.34
0.7
2.43
-0.92
1.13
0.04
0.42
1.29
2.16
0.79
2.16
0.72
-0.39
1.78
-2.16
0.68
1.38
0.08
-0.83
2.8
2.99
0.69
2.76
1.76
0.55
1.01
0.89
-0.42
1.28
1.41
3.69
3.05
0.82
2.05
1.08
9.44
0.15
1.2
0.59
0.31
0.67
2.53
1.34
0.01
0.54
0.49
1.35
0.92
3.92
0.97
0.27
1.41
1.82
3.67
-0.54
-0.16
0.24
-0.4
1.68
-0.45
0.91
1.08
2.25
1.52
1.4
0.78
0.73
2.34
0.53
-0.08
0.54
-0.16
5.99
0.45
0.21
0.17
-1.24
1.07
3.79
0.0
0.82
2.46
0.41
1.12
-0.12
0.48
0.69
-0.0
3.11
0.47
2.0
1.91
1.76
0.4
0.61
-0.52
-1.36
5.33
0.43
0.34
2.26
3.13
1.42
2.1
1.02
0.32
0.05
0.01
2.18
-0.16
0.91
1.94
0.78
-1.19
3.05
0.6
3.17
0.03
4.61
1.37
0.11
0.05
-0.24
0.56
5.04
-0.02
0.65
0.76
3.03
1.7
1.64
2.72
3.25
2.22
